0.05 0.45 0.9
0.05 0.45 0.95
0.05 0.5 0.85
0.05 0.5 0.9
0.05 0.5 0.95
0.05 0.55 0.75
0.05 0.55 0.8
0.05 0.55 0.85
0.05 0.55 0.9
0.05 0.55 0.95
0.05 0.6 0.75
0.05 0.6 0.8
0.05 0.6 0.85
0.05 0.6 0.9
0.05 0.6 0.95
0.05 0.65 0.7
0.05 0.65 0.75
0.05 0.65 0.8
0.05 0.65 0.85
0.05 0.65 0.9
0.05 0.65 0.95
0.05 0.7 0.75
0.05 0.7 0.8
0.05 0.7 0.85
0.05 0.7 0.9
0.05 0.7 0.95
0.05 0.75 0.8
0.05 0.75 0.85
0.05 0.75 0.9
0.05 0.75 0.95
0.05 0.8 0.85
0.05 0.8 0.9
0.05 0.8 0.95
0.05 0.85 0.9
0.05 0.85 0.95
0.05 0.9 0.95
